1.000000000000000000e+00
1.035264923841378026e+00
1.071773462536292909e+00
1.109569472067845064e+00
1.148698354997035098e+00
1.189207115002721915e+00
1.231144413344916977e+00
1.274560627319262895e+00
1.319507910772895087e+00
1.366040256754396109e+00
1.414213562373096034e+00
1.464085695945626986e+00
1.515716566510399099e+00
1.569168195793503084e+00
1.624504792712472945e+00
1.681792830507431002e+00
1.741101126592250026e+00
1.802500925221663053e+00
1.866065983073617041e+00
1.931872657849694086e+00
2.000000000000003109e+00
2.070529847682757829e+00
2.143546925072589815e+00
2.219138944135694125e+00
2.297396709994074193e+00
2.378414230005446939e+00
2.462288826689837062e+00
2.549121254638528900e+00
2.639015821545794171e+00
2.732080513508797104e+00
2.828427124746196952e+00
2.928171391891257969e+00
3.031433133020803972e+00
3.138336391587011054e+00
3.249009585424949886e+00
3.363585661014866890e+00
3.482202253184505825e+00
3.605001850443330991e+00
3.732131966147239854e+00
3.863745315699393945e+00
4.000000000000012434e+00
4.141059695365522764e+00
4.287093850145185847e+00
4.438277888271395355e+00
4.594793419988156380e+00
4.756828460010900983e+00
4.924577653379683007e+00
5.098242509277067569e+00
5.278031643091597225e+00
5.464161027017603089e+00
5.656854249492402786e+00
5.856342783782525707e+00
6.062866266041617713e+00
6.276672783174032766e+00
6.498019170849912207e+00
6.727171322029746214e+00
6.964404506369024972e+00
7.210003700886675304e+00
7.464263932294494808e+00
7.727490631398802101e+00
8.000000000000039080e+00
8.282119390731061515e+00
8.574187700290389458e+00
8.876555776542806697e+00
9.189586839976328747e+00
9.513656920021819730e+00
9.849155306759383777e+00
1.019648501855414935e+01
1.055606328618321044e+01
1.092832205403522927e+01
1.131370849898483044e+01
1.171268556756506918e+01
1.212573253208326030e+01
1.255334556634809040e+01
1.299603834169984928e+01
1.345434264405951019e+01
1.392880901273806948e+01
1.442000740177337015e+01
1.492852786458900916e+01
1.545498126279763085e+01
1.600000000000009948e+01
1.656423878146215145e+01
1.714837540058080023e+01
1.775311155308563826e+01
1.837917367995267881e+01
1.902731384004366078e+01
1.969831061351878887e+01
2.039297003710833067e+01
2.111212657236644930e+01
2.185664410807047986e+01
2.262741699796967865e+01
2.342537113513017033e+01
2.425146506416653835e+01
2.510669113269619857e+01
2.599207668339971988e+01
2.690868528811905946e+01
2.785761802547617094e+01
2.884001480354677938e+01
2.985705572917806094e+01
3.090996252559529012e+01
3.200000000000024158e+01
3.312847756292433132e+01
3.429675080116164310e+01
3.550622310617131205e+01
3.675834735990540736e+01
3.805462768008737129e+01
3.939662122703764169e+01
4.078594007421671819e+01
4.222425314473296254e+01
4.371328821614101656e+01
4.525483399593940703e+01
4.685074227026041171e+01
4.850293012833314776e+01
5.021338226539248240e+01
5.198415336679951793e+01
5.381737057623819709e+01
5.571523605095242715e+01
5.768002960709363691e+01
5.971411145835620715e+01
6.181992505119067260e+01
6.400000000000058265e+01
6.625695512584876212e+01
6.859350160232338567e+01
7.101244621234273779e+01
7.351669471981092840e+01
7.610925536017487048e+01
7.879324245407539706e+01
8.157188014843356427e+01
8.444850628946605298e+01
8.742657643228217523e+01
9.050966799187898459e+01
9.370148454052096554e+01
9.700586025666645185e+01
1.004267645307851069e+02
1.039683067335992064e+02
1.076347411524765931e+02
1.114304721019049964e+02
1.153600592141875012e+02
1.194282229167125990e+02
1.236398501023815015e+02
1.280000000000013927e+02
1.325139102516978085e+02
1.371870032046469987e+02
1.420248924246857030e+02
1.470333894396221126e+02
1.522185107203499967e+02
1.575864849081511068e+02
1.631437602968674128e+02
1.688970125789323902e+02
1.748531528645646063e+02
1.810193359837581966e+02
1.874029690810421869e+02
1.940117205133331879e+02
2.008535290615704980e+02
2.079366134671986970e+02
2.152694823049534989e+02
2.228609442038105044e+02
2.307201184283752866e+02
2.388564458334255960e+02
2.472797002047634862e+02
2.560000000000031264e+02
2.650278205033959011e+02
2.743740064092945090e+02
2.840497848493719175e+02
2.940667788792446231e+02
3.044370214407003914e+02
3.151729698163024977e+02
3.262875205937352234e+02
3.377940251578651782e+02
3.497063057291297241e+02
3.620386719675170184e+02
3.748059381620848853e+02
3.880234410266668874e+02
4.017070581231416213e+02
4.158732269343980761e+02
4.305389646099076231e+02
4.457218884076215204e+02
4.614402368567513122e+02
4.777128916668518741e+02
4.945594004095277114e+02
5.120000000000070486e+02
5.300556410067925981e+02
5.487480128185897001e+02
5.680995696987445172e+02
5.881335577584901557e+02
6.088740428814018060e+02
6.303459396326061324e+02
6.525750411874715837e+02
6.755880503157316070e+02
6.994126114582606988e+02
7.240773439350352874e+02
7.496118763241712486e+02
7.760468820533352527e+02
8.034141162462846069e+02
8.317464538687975164e+02
8.610779292198164967e+02
8.914437768152444050e+02
9.228804737135039886e+02
9.554257833337052261e+02
9.891188008190569008e+02
1.024000000000015916e+03
1.060111282013587015e+03
1.097496025637180992e+03
1.136199139397491081e+03
1.176267115516981903e+03
1.217748085762804976e+03
1.260691879265214084e+03
1.305150082374944986e+03
1.351176100631465033e+03
1.398825222916522989e+03
1.448154687870071939e+03
1.499223752648344089e+03
1.552093764106673007e+03
1.606828232492571942e+03
1.663492907737597079e+03
1.722155858439635949e+03
1.782887553630491993e+03
1.845760947427010933e+03
1.910851566667412953e+03
1.978237601638116985e+03
2.048000000000034106e+03
2.120222564027177214e+03
2.194992051274366077e+03
2.272398278794984890e+03
2.352534231033967899e+03
2.435496171525614955e+03
2.521383758530431805e+03
2.610300164749894066e+03
2.702352201262935068e+03
2.797650445833050981e+03
2.896309375740149790e+03
2.998447505296694089e+03
3.104187528213351015e+03
3.213656464985147977e+03
3.326985815475200980e+03
3.444311716879276901e+03
3.565775107260988989e+03
3.691521894854027778e+03
3.821703133334833183e+03
3.956475203276239881e+03
4.096000000000076398e+03
4.240445128054360794e+03
4.389984102548739429e+03
4.544796557589977965e+03
4.705068462067943983e+03
4.870992343051237185e+03
5.042767517060872706e+03
5.220600329499797226e+03
5.404704402525878322e+03
5.595300891666111966e+03
5.792618751480309584e+03
5.996895010593398183e+03
6.208375056426711126e+03
6.427312929970307778e+03
6.653971630950411964e+03
6.888623433758565625e+03
7.131550214521990711e+03
7.383043789708068289e+03
7.643406266669679098e+03
7.912950406552493405e+03
8.192000000000165528e+03
8.480890256108736139e+03
8.779968205097491591e+03
9.089593115179970482e+03
9.410136924135902518e+03
9.741984686102490741e+03
1.008553503412175996e+04
1.044120065899961082e+04
1.080940880505176938e+04
1.119060178333224030e+04
1.158523750296063918e+04
1.199379002118682001e+04
1.241675011285344044e+04
1.285462585994063920e+04
1.330794326190084939e+04
1.377724686751714944e+04
1.426310042904399961e+04
1.476608757941616022e+04
1.528681253333938002e+04
1.582590081310501046e+04
1.638400000000036016e+04
1.696178051221750138e+04
1.755993641019500865e+04
1.817918623035997007e+04
1.882027384827183050e+04
1.948396937220501059e+04
2.017107006824354903e+04
2.088240131799925075e+04
2.161881761010357877e+04
2.238120356666450971e+04
2.317047500592131109e+04
2.398758004237366913e+04
2.483350022570692090e+04
2.570925171988131115e+04
2.661588652380173153e+04
2.755449373503433890e+04
2.852620085808803924e+04
2.953217515883236047e+04
3.057362506667880007e+04
3.165180162621006821e+04
3.276800000000075670e+04
3.392356102443504642e+04
3.511987282039008278e+04
3.635837246071999834e+04
3.764054769654372649e+04
3.896793874441007938e+04
4.034214013648717082e+04
4.176480263599856698e+04
4.323763522020723030e+04
4.476240713332910673e+04
4.634095001184270222e+04
4.797516008474741102e+04
4.966700045141392911e+04
5.141850343976270960e+04
5.323177304760355037e+04
5.510898747006878693e+04
5.705240171617620217e+04
5.906435031766483007e+04
6.114725013335771655e+04
6.330360325242025283e+04
6.553600000000162981e+04
6.784712204887020926e+04
7.023974564078026742e+04
7.271674492144011310e+04
7.528109539308758394e+04
7.793587748882030428e+04
8.068428027297448716e+04
8.352960527199729404e+04
8.647527044041460613e+04
8.952481426665835897e+04
9.268190002368553542e+04
9.595032016949498211e+04
9.933400090282801830e+04
1.028370068795255938e+05
1.064635460952073045e+05
1.102179749401378067e+05
1.141048034323525935e+05
1.181287006353298057e+05
1.222945002667155932e+05
1.266072065048406948e+05
1.310720000000034925e+05
1.356942440977405931e+05
1.404794912815607095e+05
1.454334898428804008e+05
1.505621907861754007e+05
1.558717549776408123e+05
1.613685605459492072e+05
1.670592105439947918e+05
1.729505408808295033e+05
1.790496285333170090e+05
1.853638000473713037e+05
1.919006403389901971e+05
1.986680018056562985e+05
2.056740137590513914e+05
2.129270921904148126e+05
2.204359498802757880e+05
2.282096068647055072e+05
2.362574012706599897e+05
2.445890005334315938e+05
2.532144130096817098e+05
2.621440000000072760e+05
2.713884881954815937e+05
2.809589825631218264e+05
2.908669796857613255e+05
3.011243815723512089e+05
3.117435099552819738e+05
3.227371210918988218e+05
3.341184210879901075e+05
3.459010817616594140e+05
3.580992570666344254e+05
3.707276000947430730e+05
3.838012806779809180e+05
3.973360036113131209e+05
4.113480275181034231e+05
4.258541843808302074e+05
4.408718997605522163e+05
4.564192137294114800e+05
4.725148025413206196e+05
4.891780010668638861e+05
5.064288260193641763e+05
5.242880000000153668e+05
5.427769763909641188e+05
5.619179651262447005e+05
5.817339593715235824e+05
6.022487631447033491e+05
6.234870199105651118e+05
6.454742421837986913e+05
6.682368421759812627e+05
6.918021635233198758e+05
7.161985141332700150e+05
7.414552001894875430e+05
7.676025613559632329e+05
7.946720072226276388e+05
8.226960550362082431e+05
8.517083687616619281e+05
8.817437995211058296e+05
9.128384274588244734e+05
9.450296050826427527e+05
9.783560021337292856e+05
1.012857652038729982e+06
1.048576000000031898e+06
1.085553952781930100e+06
1.123835930252491031e+06
1.163467918743049027e+06
1.204497526289408095e+06
1.246974039821132086e+06
1.290948484367599012e+06
1.336473684351963922e+06
1.383604327046642080e+06
1.432397028266541893e+06
1.482910400378976949e+06
1.535205122711928096e+06
1.589344014445256907e+06
1.645392110072418116e+06
1.703416737523325952e+06
1.763487599042213988e+06
1.825676854917651042e+06
1.890059210165288066e+06
1.956712004267460899e+06
2.025715304077462992e+06
2.097152000000067055e+06
2.171107905563862063e+06
2.247671860504983924e+06
2.326935837486099917e+06
2.408995052578818984e+06
2.493948079642266966e+06
2.581896968735200819e+06
2.672947368703932036e+06
2.767208654093286954e+06
2.864794056533087045e+06
2.965820800757958088e+06
3.070410245423859917e+06
3.178688028890518937e+06
3.290784220144840889e+06
3.406833475046656094e+06
3.526975198084432166e+06
3.651353709835307207e+06
3.780118420330580790e+06
3.913424008534926921e+06
4.051430608154930174e+06
4.194304000000139698e+06
4.342215811127729714e+06
4.495343721009974368e+06
4.653871674972206354e+06
4.817990105157645419e+06
4.987896159284541383e+06
5.163793937470409088e+06
5.345894737407870591e+06
5.534417308186580427e+06
5.729588113066183403e+06
5.931641601515923627e+06
6.140820490847730078e+06
6.357376057781046256e+06
6.581568440289692022e+06
6.813666950093322434e+06
7.053950396168874577e+06
7.302707419670625590e+06
7.560236840661172755e+06
7.826848017069865949e+06
8.102861216309872456e+06
8.388608000000290573e+06
8.684431622255472466e+06
8.990687442019963637e+06
9.307743349944427609e+06
9.635980210315305740e+06
9.975792318569095805e+06
1.000000000000000000e+07
